

#################################################################################################################
                                     Instance Name           Movement (microns)        Orig Loc        New Loc
#################################################################################################################
                                        clk__L3_I1               26.58       (128.04, 297.36)       (111.54, 287.28)
                                              U499               17.16       (110.88, 302.4)       (93.72, 302.4)
                                              U599               16.92       (114.18, 302.4)       (102.3, 297.36)
                                              U561               16.92       (109.56, 297.36)       (97.68, 292.32)
                                              U635                15.6       (145.86, 297.36)       (156.42, 302.4)
                                              U601                15.6       (148.5, 297.36)       (159.06, 302.4)
                                        clk__L2_I2               13.62       (116.16, 302.4)       (107.58, 297.36)
                                       add_73/U1_8               12.96       (111.54, 287.28)       (103.62, 282.24)
                                        clk__L3_I0                11.4       (104.28, 312.48)       (105.6, 322.56)
                                              U333               10.98       (99.66, 297.36)       (93.72, 292.32)
                                       add_80/U1_8               10.74       (99, 282.24)       (98.34, 272.16)
